{
 "metadata": {
  "language_info": {
   "codemirror_mode": {
    "name": "ipython",
    "version": 3
   },
   "file_extension": ".py",
   "mimetype": "text/x-python",
   "name": "python",
   "nbconvert_exporter": "python",
   "pygments_lexer": "ipython3",
   "version": "3.8.6"
  },
  "orig_nbformat": 2,
  "kernelspec": {
   "name": "python386jvsc74a57bd0916dbcbb3f70747c44a77c7bcd40155683ae19c65e1c03b4aa3499c5328201f1",
   "display_name": "Python 3.8.6 64-bit"
  },
  "metadata": {
   "interpreter": {
    "hash": "916dbcbb3f70747c44a77c7bcd40155683ae19c65e1c03b4aa3499c5328201f1"
   }
  }
 },
 "nbformat": 4,
 "nbformat_minor": 2,
 "cells": [
  {
   "cell_type": "code",
   "execution_count": 2,
   "metadata": {},
   "outputs": [],
   "source": [
    "# Data Transform\n",
    "import pandas as pd \n",
    "import numpy as np \n",
    "import pandas_profiling\n",
    "import seaborn as sns\n",
    "import matplotlib.pyplot as plt\n",
    "\n",
    "# Models\n",
    "from sklearn.model_selection import train_test_split\n",
    "from sklearn.linear_model import LinearRegression\n",
    "from sklearn.neighbors import KNeighborsClassifier\n",
    "from sklearn.svm import SVC\n",
    "from sklearn.ensemble import RandomForestRegressor\n",
    "\n",
    "# Metrics\n",
    "from sklearn.metrics import classification_report, confusion_matrix\n"
   ]
  },
  {
   "source": [
    "## Data Load"
   ],
   "cell_type": "markdown",
   "metadata": {}
  },
  {
   "cell_type": "code",
   "execution_count": 3,
   "metadata": {},
   "outputs": [],
   "source": [
    "train = pd.read_csv('archive/train.csv')\n",
    "test = pd.read_csv('archive/test.csv')"
   ]
  },
  {
   "cell_type": "code",
   "execution_count": 4,
   "metadata": {},
   "outputs": [
    {
     "output_type": "stream",
     "name": "stdout",
     "text": [
      "Train shape:  (2000, 21)\nTest shape:  (1000, 21)\n"
     ]
    }
   ],
   "source": [
    "print('Train shape: ',train.shape)\n",
    "print('Test shape: ',test.shape)\n",
    "\n",
    "df = train.copy()"
   ]
  },
  {
   "source": [
    "## Missing Value Analysis"
   ],
   "cell_type": "markdown",
   "metadata": {}
  },
  {
   "cell_type": "code",
   "execution_count": 5,
   "metadata": {},
   "outputs": [
    {
     "output_type": "stream",
     "name": "stdout",
     "text": [
      "Quantidade de valores nulos dados de treino...:  0\nQuantidade de valores nulos dados de teste...:  0\n"
     ]
    }
   ],
   "source": [
    "# Verificando valores nulos\n",
    "null_train = train.isna().sum().sum()\n",
    "null_test = test.isna().sum().sum()\n",
    "\n",
    "print('Quantidade de valores nulos dados de treino...: ', null_train)\n",
    "print('Quantidade de valores nulos dados de teste...: ', null_test)"
   ]
  },
  {
   "cell_type": "code",
   "execution_count": 6,
   "metadata": {},
   "outputs": [],
   "source": [
    "#df.profile_report(title='Report Data Mobile Price')"
   ]
  },
  {
   "source": [
    "## Data Analysis"
   ],
   "cell_type": "markdown",
   "metadata": {}
  },
  {
   "cell_type": "code",
   "execution_count": 7,
   "metadata": {},
   "outputs": [
    {
     "output_type": "execute_result",
     "data": {
      "text/plain": [
       "       battery_power       blue  clock_speed     dual_sim           fc  \\\n",
       "count    2000.000000  2000.0000  2000.000000  2000.000000  2000.000000   \n",
       "mean     1238.518500     0.4950     1.522250     0.509500     4.309500   \n",
       "std       439.418206     0.5001     0.816004     0.500035     4.341444   \n",
       "min       501.000000     0.0000     0.500000     0.000000     0.000000   \n",
       "25%       851.750000     0.0000     0.700000     0.000000     1.000000   \n",
       "50%      1226.000000     0.0000     1.500000     1.000000     3.000000   \n",
       "75%      1615.250000     1.0000     2.200000     1.000000     7.000000   \n",
       "max      1998.000000     1.0000     3.000000     1.000000    19.000000   \n",
       "\n",
       "            four_g   int_memory        m_dep    mobile_wt      n_cores  ...  \\\n",
       "count  2000.000000  2000.000000  2000.000000  2000.000000  2000.000000  ...   \n",
       "mean      0.521500    32.046500     0.501750   140.249000     4.520500  ...   \n",
       "std       0.499662    18.145715     0.288416    35.399655     2.287837  ...   \n",
       "min       0.000000     2.000000     0.100000    80.000000     1.000000  ...   \n",
       "25%       0.000000    16.000000     0.200000   109.000000     3.000000  ...   \n",
       "50%       1.000000    32.000000     0.500000   141.000000     4.000000  ...   \n",
       "75%       1.000000    48.000000     0.800000   170.000000     7.000000  ...   \n",
       "max       1.000000    64.000000     1.000000   200.000000     8.000000  ...   \n",
       "\n",
       "         px_height     px_width          ram         sc_h         sc_w  \\\n",
       "count  2000.000000  2000.000000  2000.000000  2000.000000  2000.000000   \n",
       "mean    645.108000  1251.515500  2124.213000    12.306500     5.767000   \n",
       "std     443.780811   432.199447  1084.732044     4.213245     4.356398   \n",
       "min       0.000000   500.000000   256.000000     5.000000     0.000000   \n",
       "25%     282.750000   874.750000  1207.500000     9.000000     2.000000   \n",
       "50%     564.000000  1247.000000  2146.500000    12.000000     5.000000   \n",
       "75%     947.250000  1633.000000  3064.500000    16.000000     9.000000   \n",
       "max    1960.000000  1998.000000  3998.000000    19.000000    18.000000   \n",
       "\n",
       "         talk_time      three_g  touch_screen         wifi  price_range  \n",
       "count  2000.000000  2000.000000   2000.000000  2000.000000  2000.000000  \n",
       "mean     11.011000     0.761500      0.503000     0.507000     1.500000  \n",
       "std       5.463955     0.426273      0.500116     0.500076     1.118314  \n",
       "min       2.000000     0.000000      0.000000     0.000000     0.000000  \n",
       "25%       6.000000     1.000000      0.000000     0.000000     0.750000  \n",
       "50%      11.000000     1.000000      1.000000     1.000000     1.500000  \n",
       "75%      16.000000     1.000000      1.000000     1.000000     2.250000  \n",
       "max      20.000000     1.000000      1.000000     1.000000     3.000000  \n",
       "\n",
       "[8 rows x 21 columns]"
      ],
      "text/html": "<div>\n<style scoped>\n    .dataframe tbody tr th:only-of-type {\n        vertical-align: middle;\n    }\n\n    .dataframe tbody tr th {\n        vertical-align: top;\n    }\n\n    .dataframe thead th {\n        text-align: right;\n    }\n</style>\n<table border=\"1\" class=\"dataframe\">\n  <thead>\n    <tr style=\"text-align: right;\">\n      <th></th>\n      <th>battery_power</th>\n      <th>blue</th>\n      <th>clock_speed</th>\n      <th>dual_sim</th>\n      <th>fc</th>\n      <th>four_g</th>\n      <th>int_memory</th>\n      <th>m_dep</th>\n      <th>mobile_wt</th>\n      <th>n_cores</th>\n      <th>...</th>\n      <th>px_height</th>\n      <th>px_width</th>\n      <th>ram</th>\n      <th>sc_h</th>\n      <th>sc_w</th>\n      <th>talk_time</th>\n      <th>three_g</th>\n      <th>touch_screen</th>\n      <th>wifi</th>\n      <th>price_range</th>\n    </tr>\n  </thead>\n  <tbody>\n    <tr>\n      <th>count</th>\n      <td>2000.000000</td>\n      <td>2000.0000</td>\n      <td>2000.000000</td>\n      <td>2000.000000</td>\n      <td>2000.000000</td>\n      <td>2000.000000</td>\n      <td>2000.000000</td>\n      <td>2000.000000</td>\n      <td>2000.000000</td>\n      <td>2000.000000</td>\n      <td>...</td>\n      <td>2000.000000</td>\n      <td>2000.000000</td>\n      <td>2000.000000</td>\n      <td>2000.000000</td>\n      <td>2000.000000</td>\n      <td>2000.000000</td>\n      <td>2000.000000</td>\n      <td>2000.000000</td>\n      <td>2000.000000</td>\n      <td>2000.000000</td>\n    </tr>\n    <tr>\n      <th>mean</th>\n      <td>1238.518500</td>\n      <td>0.4950</td>\n      <td>1.522250</td>\n      <td>0.509500</td>\n      <td>4.309500</td>\n      <td>0.521500</td>\n      <td>32.046500</td>\n      <td>0.501750</td>\n      <td>140.249000</td>\n      <td>4.520500</td>\n      <td>...</td>\n      <td>645.108000</td>\n      <td>1251.515500</td>\n      <td>2124.213000</td>\n      <td>12.306500</td>\n      <td>5.767000</td>\n      <td>11.011000</td>\n      <td>0.761500</td>\n      <td>0.503000</td>\n      <td>0.507000</td>\n      <td>1.500000</td>\n    </tr>\n    <tr>\n      <th>std</th>\n      <td>439.418206</td>\n      <td>0.5001</td>\n      <td>0.816004</td>\n      <td>0.500035</td>\n      <td>4.341444</td>\n      <td>0.499662</td>\n      <td>18.145715</td>\n      <td>0.288416</td>\n      <td>35.399655</td>\n      <td>2.287837</td>\n      <td>...</td>\n      <td>443.780811</td>\n      <td>432.199447</td>\n      <td>1084.732044</td>\n      <td>4.213245</td>\n      <td>4.356398</td>\n      <td>5.463955</td>\n      <td>0.426273</td>\n      <td>0.500116</td>\n      <td>0.500076</td>\n      <td>1.118314</td>\n    </tr>\n    <tr>\n      <th>min</th>\n      <td>501.000000</td>\n      <td>0.0000</td>\n      <td>0.500000</td>\n      <td>0.000000</td>\n      <td>0.000000</td>\n      <td>0.000000</td>\n      <td>2.000000</td>\n      <td>0.100000</td>\n      <td>80.000000</td>\n      <td>1.000000</td>\n      <td>...</td>\n      <td>0.000000</td>\n      <td>500.000000</td>\n      <td>256.000000</td>\n      <td>5.000000</td>\n      <td>0.000000</td>\n      <td>2.000000</td>\n      <td>0.000000</td>\n      <td>0.000000</td>\n      <td>0.000000</td>\n      <td>0.000000</td>\n    </tr>\n    <tr>\n      <th>25%</th>\n      <td>851.750000</td>\n      <td>0.0000</td>\n      <td>0.700000</td>\n      <td>0.000000</td>\n      <td>1.000000</td>\n      <td>0.000000</td>\n      <td>16.000000</td>\n      <td>0.200000</td>\n      <td>109.000000</td>\n      <td>3.000000</td>\n      <td>...</td>\n      <td>282.750000</td>\n      <td>874.750000</td>\n      <td>1207.500000</td>\n      <td>9.000000</td>\n      <td>2.000000</td>\n      <td>6.000000</td>\n      <td>1.000000</td>\n      <td>0.000000</td>\n      <td>0.000000</td>\n      <td>0.750000</td>\n    </tr>\n    <tr>\n      <th>50%</th>\n      <td>1226.000000</td>\n      <td>0.0000</td>\n      <td>1.500000</td>\n      <td>1.000000</td>\n      <td>3.000000</td>\n      <td>1.000000</td>\n      <td>32.000000</td>\n      <td>0.500000</td>\n      <td>141.000000</td>\n      <td>4.000000</td>\n      <td>...</td>\n      <td>564.000000</td>\n      <td>1247.000000</td>\n      <td>2146.500000</td>\n      <td>12.000000</td>\n      <td>5.000000</td>\n      <td>11.000000</td>\n      <td>1.000000</td>\n      <td>1.000000</td>\n      <td>1.000000</td>\n      <td>1.500000</td>\n    </tr>\n    <tr>\n      <th>75%</th>\n      <td>1615.250000</td>\n      <td>1.0000</td>\n      <td>2.200000</td>\n      <td>1.000000</td>\n      <td>7.000000</td>\n      <td>1.000000</td>\n      <td>48.000000</td>\n      <td>0.800000</td>\n      <td>170.000000</td>\n      <td>7.000000</td>\n      <td>...</td>\n      <td>947.250000</td>\n      <td>1633.000000</td>\n      <td>3064.500000</td>\n      <td>16.000000</td>\n      <td>9.000000</td>\n      <td>16.000000</td>\n      <td>1.000000</td>\n      <td>1.000000</td>\n      <td>1.000000</td>\n      <td>2.250000</td>\n    </tr>\n    <tr>\n      <th>max</th>\n      <td>1998.000000</td>\n      <td>1.0000</td>\n      <td>3.000000</td>\n      <td>1.000000</td>\n      <td>19.000000</td>\n      <td>1.000000</td>\n      <td>64.000000</td>\n      <td>1.000000</td>\n      <td>200.000000</td>\n      <td>8.000000</td>\n      <td>...</td>\n      <td>1960.000000</td>\n      <td>1998.000000</td>\n      <td>3998.000000</td>\n      <td>19.000000</td>\n      <td>18.000000</td>\n      <td>20.000000</td>\n      <td>1.000000</td>\n      <td>1.000000</td>\n      <td>1.000000</td>\n      <td>3.000000</td>\n    </tr>\n  </tbody>\n</table>\n<p>8 rows × 21 columns</p>\n</div>"
     },
     "metadata": {},
     "execution_count": 7
    }
   ],
   "source": [
    "df.describe()"
   ]
  },
  {
   "cell_type": "code",
   "execution_count": 8,
   "metadata": {},
   "outputs": [
    {
     "output_type": "stream",
     "name": "stdout",
     "text": [
      "<class 'pandas.core.frame.DataFrame'>\nRangeIndex: 2000 entries, 0 to 1999\nData columns (total 21 columns):\n #   Column         Non-Null Count  Dtype  \n---  ------         --------------  -----  \n 0   battery_power  2000 non-null   int64  \n 1   blue           2000 non-null   int64  \n 2   clock_speed    2000 non-null   float64\n 3   dual_sim       2000 non-null   int64  \n 4   fc             2000 non-null   int64  \n 5   four_g         2000 non-null   int64  \n 6   int_memory     2000 non-null   int64  \n 7   m_dep          2000 non-null   float64\n 8   mobile_wt      2000 non-null   int64  \n 9   n_cores        2000 non-null   int64  \n 10  pc             2000 non-null   int64  \n 11  px_height      2000 non-null   int64  \n 12  px_width       2000 non-null   int64  \n 13  ram            2000 non-null   int64  \n 14  sc_h           2000 non-null   int64  \n 15  sc_w           2000 non-null   int64  \n 16  talk_time      2000 non-null   int64  \n 17  three_g        2000 non-null   int64  \n 18  touch_screen   2000 non-null   int64  \n 19  wifi           2000 non-null   int64  \n 20  price_range    2000 non-null   int64  \ndtypes: float64(2), int64(19)\nmemory usage: 328.2 KB\n"
     ]
    }
   ],
   "source": [
    "df.info()"
   ]
  },
  {
   "cell_type": "code",
   "execution_count": 9,
   "metadata": {},
   "outputs": [
    {
     "output_type": "execute_result",
     "data": {
      "text/plain": [
       "Index(['battery_power', 'blue', 'clock_speed', 'dual_sim', 'fc', 'four_g',\n",
       "       'int_memory', 'm_dep', 'mobile_wt', 'n_cores', 'pc', 'px_height',\n",
       "       'px_width', 'ram', 'sc_h', 'sc_w', 'talk_time', 'three_g',\n",
       "       'touch_screen', 'wifi', 'price_range'],\n",
       "      dtype='object')"
      ]
     },
     "metadata": {},
     "execution_count": 9
    }
   ],
   "source": [
    "df.columns"
   ]
  },
  {
   "cell_type": "code",
   "execution_count": 10,
   "metadata": {},
   "outputs": [
    {
     "output_type": "execute_result",
     "data": {
      "text/plain": [
       "               battery_power      blue  clock_speed  dual_sim        fc  \\\n",
       "battery_power       1.000000  0.011252     0.011482 -0.041847  0.033334   \n",
       "blue                0.011252  1.000000     0.021419  0.035198  0.003593   \n",
       "clock_speed         0.011482  0.021419     1.000000 -0.001315 -0.000434   \n",
       "dual_sim           -0.041847  0.035198    -0.001315  1.000000 -0.029123   \n",
       "fc                  0.033334  0.003593    -0.000434 -0.029123  1.000000   \n",
       "four_g              0.015665  0.013443    -0.043073  0.003187 -0.016560   \n",
       "int_memory         -0.004004  0.041177     0.006545 -0.015679 -0.029133   \n",
       "m_dep               0.034085  0.004049    -0.014364 -0.022142 -0.001791   \n",
       "mobile_wt           0.001844 -0.008605     0.012350 -0.008979  0.023618   \n",
       "n_cores            -0.029727  0.036161    -0.005724 -0.024658 -0.013356   \n",
       "pc                  0.031441 -0.009952    -0.005245 -0.017143  0.644595   \n",
       "px_height           0.014901 -0.006872    -0.014523 -0.020875 -0.009990   \n",
       "px_width           -0.008402 -0.041533    -0.009476  0.014291 -0.005176   \n",
       "ram                -0.000653  0.026351     0.003443  0.041072  0.015099   \n",
       "sc_h               -0.029959 -0.002952    -0.029078 -0.011949 -0.011014   \n",
       "sc_w               -0.021421  0.000613    -0.007378 -0.016666 -0.012373   \n",
       "talk_time           0.052510  0.013934    -0.011432 -0.039404 -0.006829   \n",
       "three_g             0.011522 -0.030236    -0.046433 -0.014008  0.001793   \n",
       "touch_screen       -0.010516  0.010061     0.019756 -0.017117 -0.014828   \n",
       "wifi               -0.008343 -0.021863    -0.024471  0.022740  0.020085   \n",
       "price_range         0.200723  0.020573    -0.006606  0.017444  0.021998   \n",
       "\n",
       "                 four_g  int_memory     m_dep  mobile_wt   n_cores  ...  \\\n",
       "battery_power  0.015665   -0.004004  0.034085   0.001844 -0.029727  ...   \n",
       "blue           0.013443    0.041177  0.004049  -0.008605  0.036161  ...   \n",
       "clock_speed   -0.043073    0.006545 -0.014364   0.012350 -0.005724  ...   \n",
       "dual_sim       0.003187   -0.015679 -0.022142  -0.008979 -0.024658  ...   \n",
       "fc            -0.016560   -0.029133 -0.001791   0.023618 -0.013356  ...   \n",
       "four_g         1.000000    0.008690 -0.001823  -0.016537 -0.029706  ...   \n",
       "int_memory     0.008690    1.000000  0.006886  -0.034214 -0.028310  ...   \n",
       "m_dep         -0.001823    0.006886  1.000000   0.021756 -0.003504  ...   \n",
       "mobile_wt     -0.016537   -0.034214  0.021756   1.000000 -0.018989  ...   \n",
       "n_cores       -0.029706   -0.028310 -0.003504  -0.018989  1.000000  ...   \n",
       "pc            -0.005598   -0.033273  0.026282   0.018844 -0.001193  ...   \n",
       "px_height     -0.019236    0.010441  0.025263   0.000939 -0.006872  ...   \n",
       "px_width       0.007448   -0.008335  0.023566   0.000090  0.024480  ...   \n",
       "ram            0.007313    0.032813 -0.009434  -0.002581  0.004868  ...   \n",
       "sc_h           0.027166    0.037771 -0.025348  -0.033855 -0.000315  ...   \n",
       "sc_w           0.037005    0.011731 -0.018388  -0.020761  0.025826  ...   \n",
       "talk_time     -0.046628   -0.002790  0.017003   0.006209  0.013148  ...   \n",
       "three_g        0.584246   -0.009366 -0.012065   0.001551 -0.014733  ...   \n",
       "touch_screen   0.016758   -0.026999 -0.002638  -0.014368  0.023774  ...   \n",
       "wifi          -0.017620    0.006993 -0.028353  -0.000409 -0.009964  ...   \n",
       "price_range    0.014772    0.044435  0.000853  -0.030302  0.004399  ...   \n",
       "\n",
       "               px_height  px_width       ram      sc_h      sc_w  talk_time  \\\n",
       "battery_power   0.014901 -0.008402 -0.000653 -0.029959 -0.021421   0.052510   \n",
       "blue           -0.006872 -0.041533  0.026351 -0.002952  0.000613   0.013934   \n",
       "clock_speed    -0.014523 -0.009476  0.003443 -0.029078 -0.007378  -0.011432   \n",
       "dual_sim       -0.020875  0.014291  0.041072 -0.011949 -0.016666  -0.039404   \n",
       "fc             -0.009990 -0.005176  0.015099 -0.011014 -0.012373  -0.006829   \n",
       "four_g         -0.019236  0.007448  0.007313  0.027166  0.037005  -0.046628   \n",
       "int_memory      0.010441 -0.008335  0.032813  0.037771  0.011731  -0.002790   \n",
       "m_dep           0.025263  0.023566 -0.009434 -0.025348 -0.018388   0.017003   \n",
       "mobile_wt       0.000939  0.000090 -0.002581 -0.033855 -0.020761   0.006209   \n",
       "n_cores        -0.006872  0.024480  0.004868 -0.000315  0.025826   0.013148   \n",
       "pc             -0.018465  0.004196  0.028984  0.004938 -0.023819   0.014657   \n",
       "px_height       1.000000  0.510664 -0.020352  0.059615  0.043038  -0.010645   \n",
       "px_width        0.510664  1.000000  0.004105  0.021599  0.034699   0.006720   \n",
       "ram            -0.020352  0.004105  1.000000  0.015996  0.035576   0.010820   \n",
       "sc_h            0.059615  0.021599  0.015996  1.000000  0.506144  -0.017335   \n",
       "sc_w            0.043038  0.034699  0.035576  0.506144  1.000000  -0.022821   \n",
       "talk_time      -0.010645  0.006720  0.010820 -0.017335 -0.022821   1.000000   \n",
       "three_g        -0.031174  0.000350  0.015795  0.012033  0.030941  -0.042688   \n",
       "touch_screen    0.021891 -0.001628 -0.030455 -0.020023  0.012720   0.017196   \n",
       "wifi            0.051824  0.030319  0.022669  0.025929  0.035423  -0.029504   \n",
       "price_range     0.148858  0.165818  0.917046  0.022986  0.038711   0.021859   \n",
       "\n",
       "                three_g  touch_screen      wifi  price_range  \n",
       "battery_power  0.011522     -0.010516 -0.008343     0.200723  \n",
       "blue          -0.030236      0.010061 -0.021863     0.020573  \n",
       "clock_speed   -0.046433      0.019756 -0.024471    -0.006606  \n",
       "dual_sim      -0.014008     -0.017117  0.022740     0.017444  \n",
       "fc             0.001793     -0.014828  0.020085     0.021998  \n",
       "four_g         0.584246      0.016758 -0.017620     0.014772  \n",
       "int_memory    -0.009366     -0.026999  0.006993     0.044435  \n",
       "m_dep         -0.012065     -0.002638 -0.028353     0.000853  \n",
       "mobile_wt      0.001551     -0.014368 -0.000409    -0.030302  \n",
       "n_cores       -0.014733      0.023774 -0.009964     0.004399  \n",
       "pc            -0.001322     -0.008742  0.005389     0.033599  \n",
       "px_height     -0.031174      0.021891  0.051824     0.148858  \n",
       "px_width       0.000350     -0.001628  0.030319     0.165818  \n",
       "ram            0.015795     -0.030455  0.022669     0.917046  \n",
       "sc_h           0.012033     -0.020023  0.025929     0.022986  \n",
       "sc_w           0.030941      0.012720  0.035423     0.038711  \n",
       "talk_time     -0.042688      0.017196 -0.029504     0.021859  \n",
       "three_g        1.000000      0.013917  0.004316     0.023611  \n",
       "touch_screen   0.013917      1.000000  0.011917    -0.030411  \n",
       "wifi           0.004316      0.011917  1.000000     0.018785  \n",
       "price_range    0.023611     -0.030411  0.018785     1.000000  \n",
       "\n",
       "[21 rows x 21 columns]"
      ],
      "text/html": "<div>\n<style scoped>\n    .dataframe tbody tr th:only-of-type {\n        vertical-align: middle;\n    }\n\n    .dataframe tbody tr th {\n        vertical-align: top;\n    }\n\n    .dataframe thead th {\n        text-align: right;\n    }\n</style>\n<table border=\"1\" class=\"dataframe\">\n  <thead>\n    <tr style=\"text-align: right;\">\n      <th></th>\n      <th>battery_power</th>\n      <th>blue</th>\n      <th>clock_speed</th>\n      <th>dual_sim</th>\n      <th>fc</th>\n      <th>four_g</th>\n      <th>int_memory</th>\n      <th>m_dep</th>\n      <th>mobile_wt</th>\n      <th>n_cores</th>\n      <th>...</th>\n      <th>px_height</th>\n      <th>px_width</th>\n      <th>ram</th>\n      <th>sc_h</th>\n      <th>sc_w</th>\n      <th>talk_time</th>\n      <th>three_g</th>\n      <th>touch_screen</th>\n      <th>wifi</th>\n      <th>price_range</th>\n    </tr>\n  </thead>\n  <tbody>\n    <tr>\n      <th>battery_power</th>\n      <td>1.000000</td>\n      <td>0.011252</td>\n      <td>0.011482</td>\n      <td>-0.041847</td>\n      <td>0.033334</td>\n      <td>0.015665</td>\n      <td>-0.004004</td>\n      <td>0.034085</td>\n      <td>0.001844</td>\n      <td>-0.029727</td>\n      <td>...</td>\n      <td>0.014901</td>\n      <td>-0.008402</td>\n      <td>-0.000653</td>\n      <td>-0.029959</td>\n      <td>-0.021421</td>\n      <td>0.052510</td>\n      <td>0.011522</td>\n      <td>-0.010516</td>\n      <td>-0.008343</td>\n      <td>0.200723</td>\n    </tr>\n    <tr>\n      <th>blue</th>\n      <td>0.011252</td>\n      <td>1.000000</td>\n      <td>0.021419</td>\n      <td>0.035198</td>\n      <td>0.003593</td>\n      <td>0.013443</td>\n      <td>0.041177</td>\n      <td>0.004049</td>\n      <td>-0.008605</td>\n      <td>0.036161</td>\n      <td>...</td>\n      <td>-0.006872</td>\n      <td>-0.041533</td>\n      <td>0.026351</td>\n      <td>-0.002952</td>\n      <td>0.000613</td>\n      <td>0.013934</td>\n      <td>-0.030236</td>\n      <td>0.010061</td>\n      <td>-0.021863</td>\n      <td>0.020573</td>\n    </tr>\n    <tr>\n      <th>clock_speed</th>\n      <td>0.011482</td>\n      <td>0.021419</td>\n      <td>1.000000</td>\n      <td>-0.001315</td>\n      <td>-0.000434</td>\n      <td>-0.043073</td>\n      <td>0.006545</td>\n      <td>-0.014364</td>\n      <td>0.012350</td>\n      <td>-0.005724</td>\n      <td>...</td>\n      <td>-0.014523</td>\n      <td>-0.009476</td>\n      <td>0.003443</td>\n      <td>-0.029078</td>\n      <td>-0.007378</td>\n      <td>-0.011432</td>\n      <td>-0.046433</td>\n      <td>0.019756</td>\n      <td>-0.024471</td>\n      <td>-0.006606</td>\n    </tr>\n    <tr>\n      <th>dual_sim</th>\n      <td>-0.041847</td>\n      <td>0.035198</td>\n      <td>-0.001315</td>\n      <td>1.000000</td>\n      <td>-0.029123</td>\n      <td>0.003187</td>\n      <td>-0.015679</td>\n      <td>-0.022142</td>\n      <td>-0.008979</td>\n      <td>-0.024658</td>\n      <td>...</td>\n      <td>-0.020875</td>\n      <td>0.014291</td>\n      <td>0.041072</td>\n      <td>-0.011949</td>\n      <td>-0.016666</td>\n      <td>-0.039404</td>\n      <td>-0.014008</td>\n      <td>-0.017117</td>\n      <td>0.022740</td>\n      <td>0.017444</td>\n    </tr>\n    <tr>\n      <th>fc</th>\n      <td>0.033334</td>\n      <td>0.003593</td>\n      <td>-0.000434</td>\n      <td>-0.029123</td>\n      <td>1.000000</td>\n      <td>-0.016560</td>\n      <td>-0.029133</td>\n      <td>-0.001791</td>\n      <td>0.023618</td>\n      <td>-0.013356</td>\n      <td>...</td>\n      <td>-0.009990</td>\n      <td>-0.005176</td>\n      <td>0.015099</td>\n      <td>-0.011014</td>\n      <td>-0.012373</td>\n      <td>-0.006829</td>\n      <td>0.001793</td>\n      <td>-0.014828</td>\n      <td>0.020085</td>\n      <td>0.021998</td>\n    </tr>\n    <tr>\n      <th>four_g</th>\n      <td>0.015665</td>\n      <td>0.013443</td>\n      <td>-0.043073</td>\n      <td>0.003187</td>\n      <td>-0.016560</td>\n      <td>1.000000</td>\n      <td>0.008690</td>\n      <td>-0.001823</td>\n      <td>-0.016537</td>\n      <td>-0.029706</td>\n      <td>...</td>\n      <td>-0.019236</td>\n      <td>0.007448</td>\n      <td>0.007313</td>\n      <td>0.027166</td>\n      <td>0.037005</td>\n      <td>-0.046628</td>\n      <td>0.584246</td>\n      <td>0.016758</td>\n      <td>-0.017620</td>\n      <td>0.014772</td>\n    </tr>\n    <tr>\n      <th>int_memory</th>\n      <td>-0.004004</td>\n      <td>0.041177</td>\n      <td>0.006545</td>\n      <td>-0.015679</td>\n      <td>-0.029133</td>\n      <td>0.008690</td>\n      <td>1.000000</td>\n      <td>0.006886</td>\n      <td>-0.034214</td>\n      <td>-0.028310</td>\n      <td>...</td>\n      <td>0.010441</td>\n      <td>-0.008335</td>\n      <td>0.032813</td>\n      <td>0.037771</td>\n      <td>0.011731</td>\n      <td>-0.002790</td>\n      <td>-0.009366</td>\n      <td>-0.026999</td>\n      <td>0.006993</td>\n      <td>0.044435</td>\n    </tr>\n    <tr>\n      <th>m_dep</th>\n      <td>0.034085</td>\n      <td>0.004049</td>\n      <td>-0.014364</td>\n      <td>-0.022142</td>\n      <td>-0.001791</td>\n      <td>-0.001823</td>\n      <td>0.006886</td>\n      <td>1.000000</td>\n      <td>0.021756</td>\n      <td>-0.003504</td>\n      <td>...</td>\n      <td>0.025263</td>\n      <td>0.023566</td>\n      <td>-0.009434</td>\n      <td>-0.025348</td>\n      <td>-0.018388</td>\n      <td>0.017003</td>\n      <td>-0.012065</td>\n      <td>-0.002638</td>\n      <td>-0.028353</td>\n      <td>0.000853</td>\n    </tr>\n    <tr>\n      <th>mobile_wt</th>\n      <td>0.001844</td>\n      <td>-0.008605</td>\n      <td>0.012350</td>\n      <td>-0.008979</td>\n      <td>0.023618</td>\n      <td>-0.016537</td>\n      <td>-0.034214</td>\n      <td>0.021756</td>\n      <td>1.000000</td>\n      <td>-0.018989</td>\n      <td>...</td>\n      <td>0.000939</td>\n      <td>0.000090</td>\n      <td>-0.002581</td>\n      <td>-0.033855</td>\n      <td>-0.020761</td>\n      <td>0.006209</td>\n      <td>0.001551</td>\n      <td>-0.014368</td>\n      <td>-0.000409</td>\n      <td>-0.030302</td>\n    </tr>\n    <tr>\n      <th>n_cores</th>\n      <td>-0.029727</td>\n      <td>0.036161</td>\n      <td>-0.005724</td>\n      <td>-0.024658</td>\n      <td>-0.013356</td>\n      <td>-0.029706</td>\n      <td>-0.028310</td>\n      <td>-0.003504</td>\n      <td>-0.018989</td>\n      <td>1.000000</td>\n      <td>...</td>\n      <td>-0.006872</td>\n      <td>0.024480</td>\n      <td>0.004868</td>\n      <td>-0.000315</td>\n      <td>0.025826</td>\n      <td>0.013148</td>\n      <td>-0.014733</td>\n      <td>0.023774</td>\n      <td>-0.009964</td>\n      <td>0.004399</td>\n    </tr>\n    <tr>\n      <th>pc</th>\n      <td>0.031441</td>\n      <td>-0.009952</td>\n      <td>-0.005245</td>\n      <td>-0.017143</td>\n      <td>0.644595</td>\n      <td>-0.005598</td>\n      <td>-0.033273</td>\n      <td>0.026282</td>\n      <td>0.018844</td>\n      <td>-0.001193</td>\n      <td>...</td>\n      <td>-0.018465</td>\n      <td>0.004196</td>\n      <td>0.028984</td>\n      <td>0.004938</td>\n      <td>-0.023819</td>\n      <td>0.014657</td>\n      <td>-0.001322</td>\n      <td>-0.008742</td>\n      <td>0.005389</td>\n      <td>0.033599</td>\n    </tr>\n    <tr>\n      <th>px_height</th>\n      <td>0.014901</td>\n      <td>-0.006872</td>\n      <td>-0.014523</td>\n      <td>-0.020875</td>\n      <td>-0.009990</td>\n      <td>-0.019236</td>\n      <td>0.010441</td>\n      <td>0.025263</td>\n      <td>0.000939</td>\n      <td>-0.006872</td>\n      <td>...</td>\n      <td>1.000000</td>\n      <td>0.510664</td>\n      <td>-0.020352</td>\n      <td>0.059615</td>\n      <td>0.043038</td>\n      <td>-0.010645</td>\n      <td>-0.031174</td>\n      <td>0.021891</td>\n      <td>0.051824</td>\n      <td>0.148858</td>\n    </tr>\n    <tr>\n      <th>px_width</th>\n      <td>-0.008402</td>\n      <td>-0.041533</td>\n      <td>-0.009476</td>\n      <td>0.014291</td>\n      <td>-0.005176</td>\n      <td>0.007448</td>\n      <td>-0.008335</td>\n      <td>0.023566</td>\n      <td>0.000090</td>\n      <td>0.024480</td>\n      <td>...</td>\n      <td>0.510664</td>\n      <td>1.000000</td>\n      <td>0.004105</td>\n      <td>0.021599</td>\n      <td>0.034699</td>\n      <td>0.006720</td>\n      <td>0.000350</td>\n      <td>-0.001628</td>\n      <td>0.030319</td>\n      <td>0.165818</td>\n    </tr>\n    <tr>\n      <th>ram</th>\n      <td>-0.000653</td>\n      <td>0.026351</td>\n      <td>0.003443</td>\n      <td>0.041072</td>\n      <td>0.015099</td>\n      <td>0.007313</td>\n      <td>0.032813</td>\n      <td>-0.009434</td>\n      <td>-0.002581</td>\n      <td>0.004868</td>\n      <td>...</td>\n      <td>-0.020352</td>\n      <td>0.004105</td>\n      <td>1.000000</td>\n      <td>0.015996</td>\n      <td>0.035576</td>\n      <td>0.010820</td>\n      <td>0.015795</td>\n      <td>-0.030455</td>\n      <td>0.022669</td>\n      <td>0.917046</td>\n    </tr>\n    <tr>\n      <th>sc_h</th>\n      <td>-0.029959</td>\n      <td>-0.002952</td>\n      <td>-0.029078</td>\n      <td>-0.011949</td>\n      <td>-0.011014</td>\n      <td>0.027166</td>\n      <td>0.037771</td>\n      <td>-0.025348</td>\n      <td>-0.033855</td>\n      <td>-0.000315</td>\n      <td>...</td>\n      <td>0.059615</td>\n      <td>0.021599</td>\n      <td>0.015996</td>\n      <td>1.000000</td>\n      <td>0.506144</td>\n      <td>-0.017335</td>\n      <td>0.012033</td>\n      <td>-0.020023</td>\n      <td>0.025929</td>\n      <td>0.022986</td>\n    </tr>\n    <tr>\n      <th>sc_w</th>\n      <td>-0.021421</td>\n      <td>0.000613</td>\n      <td>-0.007378</td>\n      <td>-0.016666</td>\n      <td>-0.012373</td>\n      <td>0.037005</td>\n      <td>0.011731</td>\n      <td>-0.018388</td>\n      <td>-0.020761</td>\n      <td>0.025826</td>\n      <td>...</td>\n      <td>0.043038</td>\n      <td>0.034699</td>\n      <td>0.035576</td>\n      <td>0.506144</td>\n      <td>1.000000</td>\n      <td>-0.022821</td>\n      <td>0.030941</td>\n      <td>0.012720</td>\n      <td>0.035423</td>\n      <td>0.038711</td>\n    </tr>\n    <tr>\n      <th>talk_time</th>\n      <td>0.052510</td>\n      <td>0.013934</td>\n      <td>-0.011432</td>\n      <td>-0.039404</td>\n      <td>-0.006829</td>\n      <td>-0.046628</td>\n      <td>-0.002790</td>\n      <td>0.017003</td>\n      <td>0.006209</td>\n      <td>0.013148</td>\n      <td>...</td>\n      <td>-0.010645</td>\n      <td>0.006720</td>\n      <td>0.010820</td>\n      <td>-0.017335</td>\n      <td>-0.022821</td>\n      <td>1.000000</td>\n      <td>-0.042688</td>\n      <td>0.017196</td>\n      <td>-0.029504</td>\n      <td>0.021859</td>\n    </tr>\n    <tr>\n      <th>three_g</th>\n      <td>0.011522</td>\n      <td>-0.030236</td>\n      <td>-0.046433</td>\n      <td>-0.014008</td>\n      <td>0.001793</td>\n      <td>0.584246</td>\n      <td>-0.009366</td>\n      <td>-0.012065</td>\n      <td>0.001551</td>\n      <td>-0.014733</td>\n      <td>...</td>\n      <td>-0.031174</td>\n      <td>0.000350</td>\n      <td>0.015795</td>\n      <td>0.012033</td>\n      <td>0.030941</td>\n      <td>-0.042688</td>\n      <td>1.000000</td>\n      <td>0.013917</td>\n      <td>0.004316</td>\n      <td>0.023611</td>\n    </tr>\n    <tr>\n      <th>touch_screen</th>\n      <td>-0.010516</td>\n      <td>0.010061</td>\n      <td>0.019756</td>\n      <td>-0.017117</td>\n      <td>-0.014828</td>\n      <td>0.016758</td>\n      <td>-0.026999</td>\n      <td>-0.002638</td>\n      <td>-0.014368</td>\n      <td>0.023774</td>\n      <td>...</td>\n      <td>0.021891</td>\n      <td>-0.001628</td>\n      <td>-0.030455</td>\n      <td>-0.020023</td>\n      <td>0.012720</td>\n      <td>0.017196</td>\n      <td>0.013917</td>\n      <td>1.000000</td>\n      <td>0.011917</td>\n      <td>-0.030411</td>\n    </tr>\n    <tr>\n      <th>wifi</th>\n      <td>-0.008343</td>\n      <td>-0.021863</td>\n      <td>-0.024471</td>\n      <td>0.022740</td>\n      <td>0.020085</td>\n      <td>-0.017620</td>\n      <td>0.006993</td>\n      <td>-0.028353</td>\n      <td>-0.000409</td>\n      <td>-0.009964</td>\n      <td>...</td>\n      <td>0.051824</td>\n      <td>0.030319</td>\n      <td>0.022669</td>\n      <td>0.025929</td>\n      <td>0.035423</td>\n      <td>-0.029504</td>\n      <td>0.004316</td>\n      <td>0.011917</td>\n      <td>1.000000</td>\n      <td>0.018785</td>\n    </tr>\n    <tr>\n      <th>price_range</th>\n      <td>0.200723</td>\n      <td>0.020573</td>\n      <td>-0.006606</td>\n      <td>0.017444</td>\n      <td>0.021998</td>\n      <td>0.014772</td>\n      <td>0.044435</td>\n      <td>0.000853</td>\n      <td>-0.030302</td>\n      <td>0.004399</td>\n      <td>...</td>\n      <td>0.148858</td>\n      <td>0.165818</td>\n      <td>0.917046</td>\n      <td>0.022986</td>\n      <td>0.038711</td>\n      <td>0.021859</td>\n      <td>0.023611</td>\n      <td>-0.030411</td>\n      <td>0.018785</td>\n      <td>1.000000</td>\n    </tr>\n  </tbody>\n</table>\n<p>21 rows × 21 columns</p>\n</div>"
     },
     "metadata": {},
     "execution_count": 10
    }
   ],
   "source": [
    "df.corr()"
   ]
  },
  {
   "cell_type": "code",
   "execution_count": 11,
   "metadata": {},
   "outputs": [
    {
     "output_type": "display_data",
     "data": {
      "text/plain": "<Figure size 864x864 with 1 Axes>",
